{
  "keyframes": [
    {
      "matrix": "[0.7197371932017173,-0.6942466224059818,1.1102230246251565e-16,0,-0.08062410892929123,-0.08358437476304137,0.9932338120275753,0,-0.689549219259562,-0.714867316061769,-0.1161317985961241,0,-0.6158298784448121,-0.6632128759137617,-0.09773257699091221,1]",
      "fov": 60,
      "aspect": 1.7688524590163934,
      "properties": "[[\"FOV\",50],[\"NAME\",\"Camera 0\"],[\"TIME\",0]]"
    },
    {
      "matrix": "[-0.06176248858012734,-0.9980908751232973,0,0,-0.057540656196404694,0.00356065185024812,0.998336814227988,0,-0.9964308645806174,0.06165976608787699,-0.05765071861747706,0,-1.0999521031007824,0.039908356565475804,-0.050774738320324406,1]",
      "fov": 60,
      "aspect": 1.7688524590163934,
      "properties": "[[\"FOV\",50],[\"NAME\",\"Camera 1\"],[\"TIME\",0.10000000000000002]]"
    },
    {
      "matrix": "[-0.8259208941976786,-0.5637860201598717,0,0,0.020610286650817045,-0.03019313315978689,0.9993315719990871,0,-0.5634091697974735,0.8253688255454578,0.03655693102317903,0,-0.629484505399904,0.8804712862190064,0.05299672102427923,1]",
      "fov": 60,
      "aspect": 1.7688524590163934,
      "properties": "[[\"FOV\",50],[\"NAME\",\"Camera 3\"],[\"TIME\",0.30000000000000004]]"
    },
    {
      "matrix": "[-0.8733126384073899,0.4871601744785016,-2.7755575615628914e-17,0,-0.025328471542923087,-0.045405341956894274,0.9986474970934824,0,0.48650128892657973,0.872131480525645,0.05199208159828905,0,0.3982690173973925,0.7466261524441079,0.06281482209373063,1]",
      "fov": 60,
      "aspect": 1.7688524590163934,
      "properties": "[[\"FOV\",50],[\"NAME\",\"Camera 5\"],[\"TIME\",0.5]]"
    },
    {
      "matrix": "[0.4061092275380477,0.9138245429558403,1.1102230246251565e-16,0,0.10752630792376872,-0.0477853502486314,0.993053197671655,0,0.9074763844931356,-0.4032880670106241,-0.1176662508712738,0,0.8972037608203404,-0.38999846810967576,-0.09778519014075038,1]",
      "fov": 60,
      "aspect": 1.7688524590163934,
      "properties": "[[\"FOV\",50],[\"NAME\",\"Camera 7\"],[\"TIME\",0.7]]"
    },
    {
      "matrix": "[0.9925600928183413,-0.12175574789079024,-1.3877787807814457e-17,0,-0.015819900811767977,-0.12896477160314102,0.991522979271613,0,-0.12072362189211976,-0.9841461403373505,-0.12993144952760494,0,-0.11772666197518655,-1.0223207816871327,-0.11760583133533695,1]",
      "fov": 60,
      "aspect": 1.7688524590163934,
      "properties": "[[\"FOV\",50],[\"NAME\",\"Camera 9\"],[\"TIME\",0.9]]"
    },
    {
      "matrix": "[0.9999988064173764,0.001545044925779821,2.168404344971009e-19,0,-0.0010037277394822634,0.6496423014649038,0.7602393522292884,0,0.00117460395354,-0.7602384448208078,0.6496430768675918,0,0.009801659867400132,-0.7896805535306594,0.690927618187298,1]",
      "fov": 60,
      "aspect": 1.7688524590163934,
      "properties": "[[\"FOV\",50],[\"NAME\",\"Camera 10\"],[\"TIME\",1]]"
    }
  ],
  "camera_type": "perspective",
  "render_height": 1080,
  "render_width": 1920,
  "camera_path": [
    {
      "camera_to_world": [
        0.7197371932017174,
        -0.08062410892929128,
        -0.6895492192595624,
        -0.6158298784448121,
        -0.694246622405982,
        -0.08358437476304166,
        -0.7148673160617693,
        -0.6632128759137617,
        1.4571677198205177e-16,
        0.9932338120275757,
        -0.11613179859612449,
        -0.09773257699091221,
        0,
        0,
        0,
        1
      ],
      "fov": 60,
      "aspect": 1.7688524590163934
    },
    {
      "camera_to_world": [
        0.717055543374531,
        -0.08072162358499858,
        -0.6923260555559482,
        -0.6182813075337819,
        -0.6970159947174205,
        -0.08336366277888928,
        -0.7121932341971331,
        -0.6596525108766127,
        -0.00022544165776090813,
        0.9932444408170072,
        -0.11604063926991058,
        -0.09749479858329206,
        0,
        0,
        0,
        1
      ],
      "fov": 60,
      "aspect": 1.7688524590163934
    },
    {
      "camera_to_world": [
        0.7092026976276217,
        -0.08100443380799419,
        -0.7003355020139637,
        -0.6253554314762374,
        -0.7050041000199456,
        -0.08270912726481987,
        -0.704363840087038,
        -0.6493783146265545,
        -0.0008675441030693634,
        0.9932761358104493,
        -0.11576599412906671,
        -0.09680863803558815,
        0,
        0,
        0,
        1
      ],
      "fov": 60,
      "aspect": 1.7688524590163934
    },
    {
      "camera_to_world": [
        0.6963317334350775,
        -0.08145782249906253,
        -0.7130825619554945,
        -0.6366320052854982,
        -0.7177176615280022,
        -0.0816107255837643,
        -0.6915352831204405,
        -0.6330006354556694,
        -0.0018642269380536587,
        0.9933299112698676,
        -0.11529185588982722,
        -0.0957148573605354,
        0,
        0,
        0,
        1
      ],
      "fov": 60,
      "aspect": 1.7688524590163934
    },
    {
      "camera_to_world": [
        0.6784629905838834,
        -0.08206249795362465,
        -0.7300367914273804,
        -0.651690783974884,
        -0.7346278683336291,
        -0.08003589516454665,
        -0.6737329964851043,
        -0.6111298216560405,
        -0.0031409354595955535,
        0.9934082755417438,
        -0.11458679072920055,
        -0.09425421857086867,
        0,
        0,
        0,
        1
      ],
      "fov": 60,
      "aspect": 1.7688524590163934
    },
    {
      "camera_to_world": [
        0.6555423463133455,
        -0.08278821297399343,
        -0.7506066506383796,
        -0.6701115225577139,
        -0.7551443288855868,
        -0.07793705143360402,
        -0.6509092552466683,
        -0.58437622151975,
        -0.004612455087104013,
        0.9935149358748507,
        -0.11360808708741194,
        -0.09246748367932288,
        0,
        0,
        0,
        1
      ],
      "fov": 60,
      "aspect": 1.7688524590163934
    },
    {
      "camera_to_world": [
        0.6275019605761925,
        -0.0835874178314119,
        -0.7741152582486097,
        -0.6914739760473074,
        -0.7785904173084403,
        -0.07526011713419876,
        -0.6230031114243457,
        -0.5533501833388808,
        -0.006184783626264449,
        0.9936543958284609,
        -0.11230623358599755,
        -0.09039541469863288,
        0,
        0,
        0,
        1
      ],
      "fov": 60,
      "aspect": 1.7688524590163934
    },
    {
      "camera_to_world": [
        0.5943255414339917,
        -0.08439041911328102,
        -0.7997846009777114,
        -0.7153578994569842,
        -0.8041871474690223,
        -0.07195498489817018,
        -0.5900046711628146,
        -0.5186620554055157,
        -0.007757747406916815,
        0.9938313424873403,
        -0.11063037577890437,
        -0.08807877364153355,
        0,
        0,
        0,
        1
      ],
      "fov": 60,
      "aspect": 1.7688524590163934
    },
    {
      "camera_to_world": [
        0.5561165195267964,
        -0.08510383621568701,
        -0.8267356008850567,
        -0.7413430478000637,
        -0.8310530933061432,
        -0.06798801129443789,
        -0.5520220887125065,
        -0.48092218601173714,
        -0.00922891194525654,
        0.9940497811385508,
        -0.10853506254987738,
        -0.08555832252075982,
        0,
        0,
        0,
        1
      ],
      "fov": 60,
      "aspect": 1.7688524590163934
    },
    {
      "camera_to_world": [
        0.5131628496194234,
        -0.08561418186827713,
        -0.8540105980803158,
        -0.7690091760898651,
        -0.8582270440213334,
        -0.06335547084744404,
        -0.5093450944341205,
        -0.440740923449628,
        -0.010499080001488125,
        0.9943119712528479,
        -0.105988080190171,
        -0.08287482334904656,
        0,
        0,
        0,
        1
      ],
      "fov": 60,
      "aspect": 1.7688524590163934
    },
    {
      "camera_to_world": [
        0.4659876542863079,
        -0.0857977401899891,
        -0.8806215156530277,
        -0.7979360393397082,
        -0.8847167530941105,
        -0.05809558162968321,
        -0.4624945082806107,
        -0.3987286160112707,
        -0.01147923548671922,
        0.994617339067342,
        -0.102978521931714,
        -0.0800690381391286,
        0,
        0,
        0,
        1
      ],
      "fov": 60,
      "aspect": 1.7688524590163934
    },
    {
      "camera_to_world": [
        0.41537268844692626,
        -0.08553636456412611,
        -0.9056208147064232,
        -0.8277033925629126,
        -0.9095708673779935,
        -0.05229579749717105,
        -0.41224505670945244,
        -0.35549561198874824,
        -0.012098219274651618,
        0.9949616474524471,
        -0.09952363130982843,
        -0.07718172890374089,
        0,
        0,
        0,
        1
      ],
      "fov": 60,
      "aspect": 1.7688524590163934
    },
    {
      "camera_to_world": [
        0.3623439142243597,
        -0.08473665327902517,
        -0.9281845653832216,
        -0.8578909907727973,
        -0.9319631723473034,
        -0.04609226019944598,
        -0.3596111079180633,
        -0.3116522596741429,
        -0.01230988273381409,
        0.99533672851994,
        -0.09567269018012876,
        -0.07425365765561831,
        0,
        0,
        0,
        1
      ],
      "fov": 60,
      "aspect": 1.7688524590163934
    },
    {
      "camera_to_world": [
        0.3081162159846877,
        -0.08334808017200923,
        -0.9476906114227984,
        -0.888078588982682,
        -0.9512717963535238,
        -0.03966002873392131,
        -0.30579249759136473,
        -0.2678089073595376,
        -0.012098219274651639,
        0.9957309775498926,
        -0.09150657592718454,
        -0.07132558640749571,
        0,
        0,
        0,
        1
      ],
      "fov": 60,
      "aspect": 1.7688524590163934
    },
    {
      "camera_to_world": [
        0.25400548264711753,
        -0.0813751951449671,
        -0.9637734652916751,
        -0.9178459422058862,
        -0.9671346555355388,
        -0.03319554629040925,
        -0.2520885038406868,
        -0.2245759033370151,
        -0.01147923548671925,
        0.9961305804570001,
        -0.08713262208289514,
        -0.06843827717210801,
        0,
        0,
        0,
        1
      ],
      "fov": 60,
      "aspect": 1.7688524590163934
    },
    {
      "camera_to_world": [
        0.20132632727717573,
        -0.07888054806986579,
        -0.9763429566915927,
        -0.9467728054557294,
        -0.979467957242199,
        -0.02689550646839532,
        -0.19979777893560932,
        -0.1825635958986579,
        -0.010499080001488192,
        0.9965211943897663,
        -0.08267574282167806,
        -0.06563249196219008,
        0,
        0,
        0,
        1
      ],
      "fov": 60,
      "aspect": 1.7688524590163934
    },
    {
      "camera_to_world": [
        0.151297820129922,
        -0.07597796980632118,
        -0.985563959227428,
        -0.974438933745531,
        -0.9884451410211093,
        -0.020937437130680497,
        -0.15012603677629782,
        -0.14238233333654876,
        -0.009228911945256614,
        0.9968896487728761,
        -0.07826784367668597,
        -0.06294899279047679,
        0,
        0,
        0,
        1
      ],
      "fov": 60,
      "aspect": 1.7688524590163934
    },
    {
      "camera_to_world": [
        0.10497594554856289,
        -0.07281881425903038,
        -0.9918051578541494,
        -1.0004240820886103,
        -0.9944445023284888,
        -0.01546636890285669,
        -0.10411975423331116,
        -0.10464246394277021,
        -0.007757747406916907,
        0.9972252562600237,
        -0.07403786620575238,
        -0.060428541669703066,
        0,
        0,
        0,
        1
      ],
      "fov": 60,
      "aspect": 1.7688524590163934
    },
    {
      "camera_to_world": [
        0.06322231709659608,
        -0.06957535925548405,
        -0.9955712972988966,
        -1.0243080054982872,
        -0.9979803039501501,
        -0.010589551502436756,
        -0.06263524827557958,
        -0.06995433600940515,
        -0.006184783626264554,
        0.9975204914103006,
        -0.07010433416022666,
        -0.05811190061260375,
        0,
        0,
        0,
        1
      ],
      "fov": 60,
      "aspect": 1.7688524590163934
    },
    {
      "camera_to_world": [
        0.026708591678010013,
        -0.06642535267313265,
        -0.9974338693130624,
        -1.045670458987881,
        -0.9996326207105523,
        -0.006378644967608584,
        -0.02634267449843353,
        -0.03892829782853602,
        -0.004612455087104139,
        0.9977710085037684,
        -0.06657131399816514,
        -0.05603983163191375,
        0,
        0,
        0,
        1
      ],
      "fov": 60,
      "aspect": 1.7688524590163934
    },
    {
      "camera_to_world": [
        -0.00405105072399611,
        -0.06354023170504758,
        -0.9979710556638907,
        -1.0640911975707106,
        -0.9999868616699275,
        -0.0028772085745055074,
        0.004242423640859885,
        -0.012174697692245218,
        -0.003140935459595669,
        0.9979751302641202,
        -0.0635277411746317,
        -0.05425309674036793,
        0,
        0,
        0,
        1
      ],
      "fov": 60,
      "aspect": 1.7688524590163934
    },
    {
      "camera_to_world": [
        -0.028649583150991594,
        -0.061077777200900525,
        -0.9977217580655799,
        -1.0791499762600965,
        -0.9995877780581343,
        -0.00011093930804618909,
        0.0287099573192312,
        0.009696116107383634,
        -0.001864226938053789,
        0.9981330035745073,
        -0.06104942123604734,
        -0.05279245795070121,
        0,
        0,
        0,
        1
      ],
      "fov": 60,
      "aspect": 1.7688524590163934
    },
    {
      "camera_to_world": [
        -0.046728113843207304,
        -0.059178587583008514,
        -0.9971531367590116,
        -1.090426550069357,
        -0.9989072683407033,
        0.0019013593688097937,
        0.04669747411440099,
        0.026073795278268808,
        -0.0008675441030695323,
        0.9982456008439159,
        -0.05920276820384668,
        -0.05169867727564845,
        0,
        0,
        0,
        1
      ],
      "fov": 60,
      "aspect": 1.7688524590163934
    },
    {
      "camera_to_world": [
        -0.057914441079744604,
        -0.057964985322597154,
        -0.9966373352383364,
        -1.0975006740118127,
        -0.998321524705583,
        0.0031372139706534697,
        0.05782984694794376,
        0.03634799152832713,
        -0.00022544165776104555,
        0.9983136873573624,
        -0.058049382520449895,
        -0.051012516727944546,
        0,
        0,
        0,
        1
      ],
      "fov": 60,
      "aspect": 1.7688524590163934
    },
    {
      "camera_to_world": [
        -0.061762488580127506,
        -0.05754065619640472,
        -0.9964308645806176,
        -1.0999521031007824,
        -0.9980908751232974,
        0.003560651850248066,
        0.061659766087877,
        0.039908356565475804,
        -9.540979117872437e-18,
        0.9983368142279883,
        -0.05765071861747713,
        -0.050774738320324406,
        0,
        0,
        0,
        1
      ],
      "fov": 60,
      "aspect": 1.7688524590163934
    },
    {
      "camera_to_world": [
        -0.06277029233728983,
        -0.057451004481451906,
        -0.9963730588910779,
        -1.0993480232498571,
        -0.9980279962568857,
        0.003517984235935322,
        0.06267170393711564,
        0.040987638394277166,
        -0.00009532762946198956,
        0.9983421286668152,
        -0.05755853578449644,
        -0.05064149588663179,
        0,
        0,
        0,
        1
      ],
      "fov": 60,
      "aspect": 1.7688524590163934
    },
    {
      "camera_to_world": [
        -0.06574251445162055,
        -0.05718698865232402,
        -0.9961965519527044,
        -1.0975698163647392,
        -0.9978365502998489,
        0.003392499542386114,
        0.06565599616602043,
        0.044164679270607944,
        -0.00037507236107706566,
        0.9983577210978707,
        -0.057286298929064026,
        -0.05024927520153663,
        0,
        0,
        0,
        1
      ],
      "fov": 60,
      "aspect": 1.7688524590163934
    },
    {
      "camera_to_world": [
        -0.07060973907597975,
        -0.05675586403696774,
        -0.9958880643149809,
        -1.0946685314469151,
        -0.9975036731874714,
        0.0031881265509403844,
        0.07054259583115294,
        0.04934827227935823,
        -0.0008286887982004675,
        0.9983829965231341,
        -0.056839295635707145,
        -0.049609336189012934,
        0,
        0,
        0,
        1
      ],
      "fov": 60,
      "aspect": 1.7688524590163934
    },
    {
      "camera_to_world": [
        -0.07731089814299139,
        -0.05616469466629339,
        -0.9954238052715868,
        -1.0906952174978717,
        -0.9970059876450557,
        0.00290896776136756,
        0.07726964802864314,
        0.05644721050541793,
        -0.0014441704300678356,
        0.9984172799884851,
        -0.05622143178685117,
        -0.04873293877303475,
        0,
        0,
        0,
        1
      ],
      "fov": 60,
      "aspect": 1.7688524590163934
    },
    {
      "camera_to_world": [
        -0.08579136009351382,
        -0.05542036490569133,
        -0.9947705392134536,
        -1.0857009235190953,
        -0.9963106777136026,
        0.0025592630985044338,
        0.08578160435812957,
        0.06537028703367712,
        -0.0022081682832348322,
        0.9984598306021694,
        -0.055435463980382314,
        -0.04763134287757609,
        0,
        0,
        0,
        1
      ],
      "fov": 60,
      "aspect": 1.7688524590163934
    },
    {
      "camera_to_world": [
        -0.09600095123626341,
        -0.05452958660274291,
        -0.9938864832296829,
        -1.0797366985120727,
        -0.9953763959622673,
        0.0021433523249049665,
        0.09602726905404986,
        0.07602629494902595,
        -0.0031060783795857443,
        0.9985098548465835,
        -0.05448322724797591,
        -0.04631580842661097,
        0,
        0,
        0,
        1
      ],
      "fov": 60,
      "aspect": 1.7688524590163934
    },
    {
      "camera_to_world": [
        -0.10789191894982839,
        -0.05349890383367784,
        -0.9927221167647664,
        -1.0728535914782908,
        -0.9941540836491871,
        0.001665635757958619,
        0.10795778629245281,
        0.08832402733635421,
        -0.004122109771556911,
        0.9985665190392259,
        -0.05336586235520359,
        -0.04479759534411342,
        0,
        0,
        0,
        1
      ],
      "fov": 60,
      "aspect": 1.7688524590163934
    },
    {
      "camera_to_world": [
        -0.12141684583272808,
        -0.05233469724748719,
        -0.9912209789002882,
        -1.0651026514192359,
        -0.9925877789002201,
        0.0011305329344468446,
        0.12152457806226763,
        0.10217227728055203,
        -0.005239344039055983,
        0.9986289608054125,
        -0.05208404664330931,
        -0.04308796355405748,
        0,
        0,
        0,
        1
      ],
      "fov": 60,
      "aspect": 1.7688524590163934
    },
    {
      "camera_to_world": [
        -0.1365265290246083,
        -0.05104318998105072,
        -0.9893205242129828,
        -1.0565349273363949,
        -0.9906154833698723,
        0.0005424390439848339,
        0.13667724707411213,
        0.11747983786650965,
        -0.00643979660914225,
        0.9986962994406468,
        -0.05063823163570145,
        -0.041198172980417135,
        0,
        0,
        0,
        1
      ],
      "fov": 60,
      "aspect": 1.7688524590163934
    },
    {
      "camera_to_world": [
        -0.15316784846705897,
        -0.04963045711407222,
        -0.9869531032032982,
        -1.0472014682312538,
        -0.9881701528738186,
        -0.00009432074377683127,
        0.15336146867101785,
        0.13415550217911668,
        -0.007704489944595072,
        0.9987676450657806,
        -0.04902888948822013,
        -0.039139483547166454,
        0,
        0,
        0,
        1
      ],
      "fov": 60,
      "aspect": 1.7688524590163934
    },
    {
      "camera_to_world": [
        -0.17128166106504955,
        -0.04810244060390574,
        -0.9840471268139271,
        -1.0371533231053003,
        -0.9851808709717592,
        -0.0007755385131949065,
        0.17151690882050286,
        0.1521080633032634,
        -0.009013548364746748,
        0.9988421065153202,
        -0.04725676880526322,
        -0.03692315517827944,
        0,
        0,
        0,
        1
      ],
      "fov": 60,
      "aspect": 1.7688524590163934
    },
    {
      "camera_to_world": [
        -0.19080077357668768,
        -0.04646497153560061,
        -0.9805284652791746,
        -1.0264415409600203,
        -0.9815742551565209,
        -0.001497171330951002,
        0.19107522103069022,
        0.17124631432383974,
        -0.01034632381374698,
        0.9989187979501645,
        -0.045323158377803825,
        -0.03456044779773011,
        0,
        0,
        0,
        1
      ],
      "fov": 60,
      "aspect": 1.7688524590163934
    },
    {
      "camera_to_world": [
        -0.21164806425246308,
        -0.04472380128623037,
        -0.9763221182052034,
        -1.0151171707969004,
        -0.9772761319244793,
        -0.002255387806498888,
        0.21195819209591799,
        0.19147904832573603,
        -0.011681561064901662,
        0.9989968442514481,
        -0.043230155062582175,
        -0.032062621329492474,
        0,
        0,
        0,
        1
      ],
      "fov": 60,
      "aspect": 1.7688524590163934
    },
    {
      "camera_to_world": [
        -0.23373483991056,
        -0.0428846427819665,
        -0.9713541743491136,
        -1.0032312616174277,
        -0.97221349854908,
        -0.003046611202853422,
        0.23407612308635162,
        0.21271505839384183,
        -0.012997609431856256,
        0.9990753853306775,
        -0.04098092941131454,
        -0.029440935697540603,
        0,
        0,
        0,
        1
      ],
      "fov": 60,
      "aspect": 1.7688524590163934
    },
    {
      "camera_to_world": [
        -0.25695952886637496,
        -0.04095322238086677,
        -0.9655540555046072,
        -0.9908348624230885,
        -0.9663167653327133,
        -0.0038675562444507117,
        0.25732654555179113,
        0.23486313761304756,
        -0.014272685861204299,
        0.999153579578895,
        -0.0385799799505922,
        -0.026706650825848464,
        0,
        0,
        0,
        1
      ],
      "fov": 60,
      "aspect": 1.7688524590163934
    },
    {
      "camera_to_world": [
        -0.2812068180672042,
        -0.038935342028451794,
        -0.9588570094720307,
        -0.9779790222153696,
        -0.9595222427471592,
        -0.004715256341267058,
        0.28159338065923706,
        0.2578320790682426,
        -0.01548519118319678,
        0.9992306067664078,
        -0.03603336447316888,
        -0.023871026638390174,
        0,
        0,
        0,
        1
      ],
      "fov": 60,
      "aspect": 1.7688524590163934
    },
    {
      "camera_to_world": [
        -0.3063473418633229,
        -0.036836950230372076,
        -0.9512067836338225,
        -0.9647147899957574,
        -0.9517748045463833,
        -0.005587077776226766,
        0.3067466478914095,
        0.28153067584431807,
        -0.01661407728314599,
        0.9993056707832931,
        -0.033348894680066514,
        -0.020945323059139626,
        0,
        0,
        0,
        1
      ],
      "fov": 60,
      "aspect": 1.7688524590163934
    },
    {
      "camera_to_world": [
        -0.3322380172966102,
        -0.034664219141319334,
        -0.9425583757911974,
        -0.9510932147657389,
        -0.9430306232748696,
        -0.006480717597527437,
        0.33264281724581435,
        0.3058677210261629,
        -0.01763925816548164,
        0.9993780026650295,
        -0.030536279416913264,
        -0.01794080001207094,
        0,
        0,
        0,
        1
      ],
      "fov": 60,
      "aspect": 1.7688524590163934
    },
    {
      "camera_to_world": [
        -0.3587230947352212,
        -0.03242362381228259,
        -0.9328807265253501,
        -0.9371653455268004,
        -0.9332598424808795,
        -0.007394182606517127,
        0.35912587274679336,
        0.33075200769866797,
        -0.018542052641228504,
        0.9994468643617134,
        -0.027607201984062964,
        -0.014868717421158088,
        0,
        0,
        0,
        1
      ],
      "fov": 60,
      "aspect": 1.7688524590163934
    },
    {
      "camera_to_world": [
        -0.3856359528551618,
        -0.030122018548855583,
        -0.9221591922569736,
        -0.9229822312804289,
        -0.9224490251951987,
        -0.00832574797070678,
        0.3860291152713175,
        0.35609232894672266,
        -0.019305641194203037,
        0.9995115536697265,
        -0.02457531889538809,
        -0.011740335210375142,
        0,
        0,
        0,
        1
      ],
      "fov": 60,
      "aspect": 1.7688524590163934
    },
    {
      "camera_to_world": [
        -0.412801615286895,
        -0.027766704617746597,
        -0.9103976255083277,
        -0.9085949210281107,
        -0.9106032059427763,
        -0.009273895577216857,
        0.41317768113435255,
        0.38179747785521745,
        -0.019915515139413472,
        0.9995714106433283,
        -0.021456171169109032,
        -0.00856691330369607,
        0,
        0,
        0,
        1
      ],
      "fov": 60,
      "aspect": 1.7688524590163934
    },
    {
      "camera_to_world": [
        -0.4400399070978165,
        -0.025365483392088273,
        -0.8976198930580976,
        -0.8940544637713326,
        -0.8977473781135737,
        -0.010237234136669838,
        0.4403916939809778,
        0.40777624750904184,
        -0.020359893210656402,
        0.999625825641533,
        -0.018267004651391854,
        -0.005359711625094965,
        0,
        0,
        0,
        1
      ],
      "fov": 60,
      "aspect": 1.7688524590163934
    },
    {
      "camera_to_world": [
        -0.4671691093024787,
        -0.022926689585572854,
        -0.8838706863666062,
        -0.8794119085115812,
        -0.883927272527653,
        -0.011214405022788893,
        0.46748990791439454,
        0.43393743099308635,
        -0.020630079867826896,
        0.9996742489554442,
        -0.015026502587610029,
        -0.002129990098545805,
        0,
        0,
        0,
        1
      ],
      "fov": 60,
      "aspect": 1.7688524590163934
    },
    {
      "camera_to_world": [
        -0.4940099168237752,
        -0.020459200524510238,
        -0.8692155217169473,
        -0.8647183042503431,
        -0.8692093263178137,
        -0.012203979598622796,
        0.4942936474648335,
        0.460189821392241,
        -0.020720741345314493,
        0.9997162017271973,
        -0.011754440958475911,
        0.0011109913519774112,
        0,
        0,
        0,
        1
      ],
      "fov": 60,
      "aspect": 1.7688524590163934
    },
    {
      "camera_to_world": [
        -0.5203894678561839,
        -0.01797241934722095,
        -0.8537398865504443,
        -0.8500246999891053,
        -0.853679800363699,
        -0.013204355037005072,
        0.5206308130134558,
        0.48644221179139524,
        -0.020630079867826903,
        0.9997512876465148,
        -0.008471284069297069,
        0.004351972802500565,
        0,
        0,
        0,
        1
      ],
      "fov": 60,
      "aspect": 1.7688524590163934
    },
    {
      "camera_to_world": [
        -0.5461451969063623,
        -0.015476232371703445,
        -0.8375475569349408,
        -0.8353821447293539,
        -0.8374430718828364,
        -0.014213656147113106,
        0.5463397050685318,
        0.5126033952754399,
        -0.020359893210656413,
        0.9997792047299786,
        -0.005197743543307511,
        0.007581694329049746,
        0,
        0,
        0,
        1
      ],
      "fov": 60,
      "aspect": 1.7688524590163934
    },
    {
      "camera_to_world": [
        -0.5711282733351174,
        -0.01298094330847679,
        -0.8207581802870256,
        -0.8208416874725757,
        -0.8206191977123004,
        -0.01522965034380662,
        0.5712724307162267,
        0.5385821649292646,
        -0.019915515139413472,
        0.9997997563818604,
        -0.001954327378995225,
        0.0107888960076509,
        0,
        0,
        0,
        1
      ],
      "fov": 60,
      "aspect": 1.7688524590163934
    },
    {
      "camera_to_world": [
        -0.5952064214472201,
        -0.01049718915598975,
        -0.803504278076861,
        -0.8064543772202574,
        -0.8033409040289651,
        -0.01624968166821043,
        0.595297690033824,
        0.5642873138377595,
        -0.019305641194203027,
        0.9998128609222354,
        0.0012390934490561683,
        0.013962317914329968,
        0,
        0,
        0,
        1
      ],
      "fov": 60,
      "aspect": 1.7688524590163934
    },
    {
      "camera_to_world": [
        -0.6182659725101556,
        -0.008035844184108526,
        -0.7859278672017682,
        -0.792271262973886,
        -0.7857502017307546,
        -0.017270627866921132,
        0.618302794667112,
        0.5896276350858138,
        -0.018542052641228508,
        0.9998185588502202,
        0.004363675345262801,
        0.01709070012511288,
        0,
        0,
        0,
        1
      ],
      "fov": 60,
      "aspect": 1.7688524590163934
    },
    {
      "camera_to_world": [
        -0.6402130658466209,
        -0.005607919179993109,
        -0.768176920742703,
        -0.7783433937349475,
        -0.7679948482188159,
        -0.0182888822591041,
        0.6401948374479998,
        0.6145119217583188,
        -0.017639258165481647,
        0.9998170172727525,
        0.007401928342546715,
        0.020162782716025736,
        0,
        0,
        0,
        1
      ],
      "fov": 60,
      "aspect": 1.7688524590163934
    },
    {
      "camera_to_world": [
        -0.660973986105787,
        -0.0032244630418643474,
        -0.7504018873440541,
        -0.7647218185049292,
        -0.750224874372649,
        -0.01930035981152843,
        0.6609010016512978,
        0.6388489669401638,
        -0.016614077283146008,
        0.9998085311444572,
        0.01033796337739995,
        0.0231673057630944,
        0,
        0,
        0,
        1
      ],
      "fov": 60,
      "aspect": 1.7688524590163934
    },
    {
      "camera_to_world": [
        -0.6804946880117834,
        -0.0008964729509440821,
        -0.7327524656553495,
        -0.751457586285317,
        -0.7325893723237907,
        -0.020300524823645933,
        0.6803680623384074,
        0.662547563716239,
        -0.015485191183196804,
        0.9997935211973185,
        0.013157652749905019,
        0.026093009342344924,
        0,
        0,
        0,
        1
      ],
      "fov": 60,
      "aspect": 1.7688524590163934
    },
    {
      "camera_to_world": [
        -0.6987396112064437,
        0.0013651820631586143,
        -0.7153747912870585,
        -0.7386017460775982,
        -0.7152337003870662,
        -0.02128443613601508,
        0.6985611831536278,
        0.685516505171434,
        -0.014272685861204325,
        0.9997725286565472,
        0.01584870284916254,
        0.028928633529803238,
        0,
        0,
        0,
        1
      ],
      "fov": 60,
      "aspect": 1.7688524590163934
    },
    {
      "camera_to_world": [
        -0.7156899219858236,
        0.0035498210568691256,
        -0.6984091453713861,
        -0.7262053468832588,
        -0.6982972130239263,
        -0.02224680493530928,
        0.7154621457164506,
        0.7076645843906401,
        -0.012997609431856266,
        0.9997462070148776,
        0.01840064423933069,
        0.031662918401495405,
        0,
        0,
        0,
        1
      ],
      "fov": 60,
      "aspect": 1.7688524590163934
    },
    {
      "camera_to_world": [
        -0.731341334614132,
        0.005646993235898453,
        -0.6819882431187606,
        -0.714319437703786,
        -0.6819115730180175,
        -0.023182060037036944,
        0.7310671642718828,
        0.728900594458746,
        -0.011681561064901673,
        0.9997153112560759,
        0.020804748766905155,
        0.03428460403344728,
        0,
        0,
        0,
        1
      ],
      "fov": 60,
      "aspect": 1.7688524590163934
    },
    {
      "camera_to_world": [
        -0.7457016640151457,
        0.007646502321157467,
        -0.6662361137669552,
        -0.7029950675406662,
        -0.6661996561606618,
        -0.02408441588571079,
        0.7453844370812018,
        0.749133328460642,
        -0.010346323813747019,
        0.9996806849758061,
        0.023053886219994147,
        0.03678243050168491,
        0,
        0,
        0,
        1
      ],
      "fov": 60,
      "aspect": 1.7688524590163934
    },
    {
      "camera_to_world": [
        -0.7587882473812456,
        0.009538414602349814,
        -0.6512675443187474,
        -0.6922832853953862,
        -0.6512750199278139,
        -0.024947939266385052,
        0.75843157156357,
        0.7682715794812184,
        -0.009013548364746774,
        0.9996432458498553,
        0.025142334271939196,
        0.03914513788223423,
        0,
        0,
        0,
        1
      ],
      "fov": 60,
      "aspect": 1.7688524590163934
    },
    {
      "camera_to_world": [
        -0.7706253488828927,
        0.011313052880360932,
        -0.637188030720639,
        -0.6822351402694324,
        -0.6372418791117024,
        -0.02576661169867918,
        0.7702329967144721,
        0.7862241406053654,
        -0.007704489944595072,
        0.9996039698581112,
        0.027065555205795924,
        0.041361466251121276,
        0,
        0,
        0,
        1
      ],
      "fov": 60,
      "aspect": 1.7688524590163934
    },
    {
      "camera_to_world": [
        -0.7812416334990955,
        0.01296097892897755,
        -0.62409416205639,
        -0.6729016811642915,
        -0.6241955135270502,
        -0.026534385527570318,
        0.7808174481127944,
        0.8028998049179725,
        -0.006439796609142252,
        0.9995638746022572,
        0.028819951591840212,
        0.043420155684371964,
        0,
        0,
        0,
        1
      ],
      "fov": 60,
      "aspect": 1.7688524590163934
    },
    {
      "camera_to_world": [
        -0.7906677667007809,
        0.014472967206643457,
        -0.6120743548954123,
        -0.6643339570814505,
        -0.6122230247013258,
        -0.02724523271329778,
        0.7902155815471865,
        0.8182073655039298,
        -0.0052393440390560014,
        0.9995240019702547,
        0.03040261106232056,
        0.045309946258012296,
        0,
        0,
        0,
        1
      ],
      "fov": 60,
      "aspect": 1.7688524590163934
    },
    {
      "camera_to_world": [
        -0.798934169032646,
        0.015839972403483314,
        -0.6012098542325901,
        -0.6565830170223956,
        -0.6014043579515753,
        -0.027893186178386313,
        0.7984577436543973,
        0.8320556154481278,
        -0.0041221097715569265,
        0.9994854003131186,
        0.03181104795438951,
        0.04701957804806822,
        0,
        0,
        0,
        1
      ],
      "fov": 60,
      "aspect": 1.7688524590163934
    },
    {
      "camera_to_world": [
        -0.8060689302569507,
        0.01705309310786447,
        -0.591575922168803,
        -0.6496999099886136,
        -0.591813511126195,
        -0.028472374257361113,
        0.805571903651458,
        0.8443533478354563,
        -0.003106078379585748,
        0.9994491062178219,
        0.03304294716723381,
        0.04853779113056578,
        0,
        0,
        0,
        1
      ],
      "fov": 60,
      "aspect": 1.7688524590163934
    },
    {
      "camera_to_world": [
        -0.8120958674285123,
        0.018103533503427298,
        -0.5832431432775038,
        -0.6437356849815911,
        -0.5835198592150619,
        -0.02897704931186854,
        0.8115817300277355,
        0.8550093557508047,
        -0.0022081682832348405,
        0.9994161258894454,
        0.034095913317655706,
        0.04985332558153088,
        0,
        0,
        0,
        1
      ],
      "fov": 60,
      "aspect": 1.7688524590163934
    },
    {
      "camera_to_world": [
        -0.8170326951413258,
        0.01898256463070454,
        -0.576278784365816,
        -0.6387413910028147,
        -0.5765895328930889,
        -0.029401611941112234,
        0.8165047800064577,
        0.863932432279064,
        -0.0014441704300678423,
        0.9993874160981343,
        0.034967226319277116,
        0.050954921476989545,
        0,
        0,
        0,
        1
      ],
      "fov": 60,
      "aspect": 1.7688524590163934
    },
    {
      "camera_to_world": [
        -0.8208892638429193,
        0.01968148642019078,
        -0.5707481542674683,
        -0.6347680770537711,
        -0.5710867970653022,
        -0.029740632467790868,
        0.8203507572972126,
        0.8710313705051238,
        -0.0008286887982004683,
        0.9993638646022317,
        0.03565360293389867,
        0.051831318892967715,
        0,
        0,
        0,
        1
      ],
      "fov": 60,
      "aspect": 1.7688524590163934
    },
    {
      "camera_to_world": [
        -0.8236658129539398,
        0.02019159146537015,
        -0.5667159149035973,
        -0.6318667921359471,
        -0.5670753811369788,
        -0.029988871550121546,
        0.8231197845341228,
        0.8762149635138741,
        -0.00037507236107707856,
        0.999346269927119,
        0.03615096269088908,
        0.05247125790549148,
        0,
        0,
        0,
        1
      ],
      "fov": 60,
      "aspect": 1.7688524590163934
    },
    {
      "camera_to_world": [
        -0.8253511789552086,
        0.020504131385014262,
        -0.5642472968419019,
        -0.630088585250829,
        -0.5646197147725985,
        -0.03014130189565842,
        0.8248006302192937,
        0.8793920043902046,
        -0.00009532762946199566,
        0.9993353203585775,
        0.036454195869093174,
        0.0528634785905866,
        0,
        0,
        0,
        1
      ],
      "fov": 60,
      "aspect": 1.7688524590163934
    },
    {
      "camera_to_world": [
        -0.8259208941976786,
        0.020610286650817038,
        -0.5634091697974735,
        -0.629484505399904,
        -0.5637860201598716,
        -0.03019313315978688,
        0.8253688255454578,
        0.8804712862190064,
        -6.938893903907228e-18,
        0.9993315719990871,
        0.03655693102317902,
        0.05299672102427923,
        0,
        0,
        0,
        1
      ],
      "fov": 60,
      "aspect": 1.7688524590163934
    },
    {
      "camera_to_world": [
        -0.8265684177168676,
        0.020586666037876428,
        -0.5624596341200665,
        -0.6281648710661618,
        -0.5628362555116435,
        -0.030264601379728754,
        0.8260141665764325,
        0.8802994292221528,
        -0.000017738828968053705,
        0.9993298970233859,
        0.036602685701501214,
        0.05300932745468886,
        0,
        0,
        0,
        1
      ],
      "fov": 60,
      "aspect": 1.7688524590163934
    },
    {
      "camera_to_world": [
        -0.8284734751549689,
        0.020516202180961497,
        -0.5596523799759267,
        -0.6242803136612024,
        -0.5600282993630581,
        -0.030475100868662584,
